100 75
1 0 0 1 1 1 0 0 1 1 0 0 1 1 0 0 0 1 0 0 0 1 0 1 1 1 0 0 1 0 1 1 0 0 1 0 0 1 0 1 1 0 0 0 1 0 1 0 0 1 0 0 1 1 0 1 1 0 0 1 0 1 1 1 0 1 0 0 1 0 0 0 1 1 1  1945
0 0 1 1 0 0 0 1 1 1 1 0 0 1 0 1 1 1 1 0 0 1 1 0 1 0 0 1 1 1 1 0 1 0 1 1 1 1 1 0 0 0 0 1 1 1 1 1 1 0 1 1 1 0 1 0 1 1 0 0 1 1 1 0 0 1 0 0 1 1 0 0 0 0 0  2413
1 0 1 1 1 1 1 1 1 0 1 1 1 0 1 0 0 1 0 1 0 0 1 0 1 0 1 1 0 1 1 1 1 0 1 1 0 1 0 1 1 0 0 1 1 0 1 0 0 1 0 1 1 1 1 1 0 1 1 1 1 1 0 0 1 1 0 1 1 0 0 0 0 0 1  2323
0 1 0 1 1 1 1 0 1 1 1 1 0 0 1 1 0 0 0 1 1 0 0 0 0 1 0 1 0 1 0 0 1 1 1 0 1 0 1 0 0 1 0 1 0 0 1 1 0 0 0 0 0 1 0 0 0 1 1 1 1 1 1 1 0 1 0 0 1 1 1 1 0 0 0  2294
1 0 1 0 1 0 0 1 1 0 1 0 1 1 0 1 0 0 1 1 0 1 0 1 1 1 1 1 1 1 1 1 1 1 0 0 0 0 1 1 0 1 1 0 1 0 1 1 0 0 1 1 1 0 1 0 1 1 1 1 0 0 0 1 1 0 0 1 0 1 1 0 1 1 1  2456
0 0 1 1 1 1 0 0 0 1 1 0 0 0 0 0 1 0 0 1 0 1 0 0 0 0 1 1 0 0 1 0 0 0 1 0 0 1 0 1 1 0 1 1 0 1 0 1 1 1 1 0 0 1 0 1 0 1 0 0 1 0 0 1 0 1 0 1 1 1 0 1 0 1 1  1648
1 1 0 1 0 1 0 1 1 0 1 1 1 1 1 1 1 1 0 0 1 0 0 0 1 1 1 0 1 1 1 1 0 1 0 0 1 1 0 1 1 1 0 1 1 0 0 0 1 0 0 1 1 1 1 0 1 0 0 0 0 0 1 1 1 0 0 1 1 1 1 1 0 0 0  2395
0 1 0 0 1 0 1 1 1 0 0 1 0 0 0 1 1 1 1 0 0 1 0 0 0 0 0 0 1 1 1 1 0 1 1 1 1 1 1 1 0 1 0 0 0 1 1 0 1 0 0 0 0 1 1 0 0 1 1 1 1 0 1 1 0 0 0 0 0 0 1 0 1 1 1  2113
1 1 1 1 1 0 0 0 0 1 0 1 0 1 1 1 0 0 1 0 0 1 1 0 1 0 0 1 0 1 1 1 0 1 0 0 0 0 0 0 1 0 1 0 0 0 1 0 1 1 1 0 0 1 0 1 1 0 1 1 0 0 1 1 0 0 1 0 1 0 1 1 1 1 1  2060
0 0 0 0 0 0 0 1 1 0 0 0 1 0 1 0 0 0 0 0 0 1 1 0 1 1 1 1 1 1 0 0 1 0 0 1 0 0 1 1 0 0 0 1 1 1 1 0 1 1 1 1 1 0 1 1 1 0 0 0 1 1 0 1 0 1 0 0 1 1 0 1 1 1 0  1946
0 0 0 0 0 0 1 0 1 0 1 0 1 1 1 0 0 1 1 0 0 0 1 0 0 1 0 0 0 0 0 1 1 1 1 1 1 0 1 0 1 1 1 0 1 0 0 0 1 0 0 0 1 0 0 0 1 1 0 1 0 0 1 1 1 1 1 0 1 0 1 1 0 0 0  1882
1 1 1 0 1 0 1 0 0 1 0 0 1 0 0 1 1 0 0 0 0 1 0 0 1 1 0 1 1 1 1 0 1 1 0 1 0 1 0 0 0 1 0 1 0 1 1 1 1 1 0 1 0 0 0 1 0 0 1 1 0 0 0 1 0 0 1 0 0 1 0 0 0 1 1  2031
1 0 1 0 0 1 0 1 0 1 1 0 1 0 1 0 1 1 0 1 1 0 0 1 1 1 1 1 1 1 1 0 0 1 1 1 0 0 0 0 0 0 0 1 0 1 0 1 0 0 1 0 0 0 0 1 1 1 0 0 1 0 0 0 1 0 1 1 0 1 0 1 0 0 0  1963
1 1 1 1 1 0 1 0 1 0 1 0 0 0 1 1 0 0 1 0 1 0 1 0 1 1 1 1 0 0 1 0 1 1 1 0 1 1 1 1 1 0 0 0 0 1 1 1 1 0 0 0 1 0 0 0 0 1 0 1 0 1 1 1 0 1 0 1 1 0 1 1 1 0 1  2151
1 1 0 1 1 0 1 0 1 0 0 0 0 0 1 0 1 0 1 1 1 0 0 0 1 1 1 1 1 0 0 1 0 1 1 0 1 0 0 1 0 0 0 1 0 0 1 1 0 1 0 1 0 0 0 1 0 0 0 1 1 0 0 0 1 0 0 0 0 1 0 1 0 1 0  1756
1 1 0 1 1 1 0 0 1 0 1 0 0 1 1 1 0 0 0 0 0 0 0 1 0 0 1 1 1 0 1 1 0 0 0 1 0 1 1 1 0 1 1 0 1 0 1 1 0 0 0 0 0 0 0 1 0 1 1 0 1 1 0 0 1 0 0 1 0 1 0 0 0 0 0  1776
0 0 1 0 0 1 1 0 0 0 1 1 1 0 0 1 1 1 1 0 1 1 0 1 0 0 0 0 1 1 1 1 1 0 0 1 0 1 0 0 0 0 0 0 1 1 0 1 0 0 1 0 1 0 0 1 0 1 1 0 1 0 1 1 0 1 1 1 0 1 1 1 1 0 0  2079
1 0 1 1 1 1 1 1 1 0 0 1 0 0 1 1 0 1 0 0 1 0 1 1 0 0 0 0 1 1 1 0 1 0 1 1 0 0 0 1 0 0 1 1 1 1 0 0 1 1 1 0 0 0 1 1 1 0 0 1 0 0 0 1 1 1 1 1 0 1 1 0 1 1 0  2433
1 1 1 1 1 0 1 1 0 0 0 1 0 0 0 1 1 1 0 1 1 1 1 1 1 0 1 0 1 0 1 0 1 0 0 0 1 1 1 0 1 1 0 0 0 0 0 1 0 1 1 0 1 1 0 0 0 1 0 1 0 0 0 0 0 1 0 1 1 1 1 1 1 0 1  2266
0 0 1 0 1 1 0 1 1 1 0 0 0 1 0 1 1 1 0 0 1 1 1 1 1 0 1 0 0 0 0 1 1 1 0 0 1 0 1 0 1 0 1 0 1 1 1 1 1 1 1 1 0 0 0 0 0 1 1 1 1 1 1 0 0 0 0 1 1 0 0 1 0 0 0  2060
0 1 1 0 0 1 0 1 0 0 0 1 0 0 1 0 0 1 0 0 0 1 0 1 1 0 0 0 1 0 0 0 1 1 0 1 0 1 1 0 1 0 1 1 1 0 0 1 0 0 0 0 1 0 1 0 0 1 1 0 0 0 1 0 0 0 1 0 0 0 1 0 0 1 0  1525
0 0 0 1 0 1 1 0 1 1 0 0 0 0 0 0 0 1 1 1 0 1 0 1 1 1 0 1 1 1 1 1 0 1 1 1 1 1 0 1 0 0 1 1 0 1 1 0 1 0 1 1 1 0 1 0 1 1 1 0 1 0 0 1 0 0 1 1 1 0 1 0 1 1 1  2299
1 0 1 1 0 0 1 0 1 0 1 1 1 1 1 0 1 0 1 1 1 1 1 0 0 1 0 1 0 1 0 1 0 0 0 0 0 0 0 1 0 1 0 1 0 0 1 1 1 0 0 0 0 0 0 1 1 0 0 0 0 1 1 0 1 1 0 0 1 1 0 0 0 1 0  1914
0 1 0 1 0 0 1 0 1 1 1 1 0 1 0 0 1 0 1 0 0 1 0 0 1 0 1 1 1 0 1 1 0 0 1 1 0 1 0 1 1 0 0 1 1 0 1 1 0 1 0 1 1 1 1 0 0 0 1 0 0 1 1 1 1 1 0 1 0 0 0 1 0 0 1  2215
0 1 1 1 0 1 0 1 0 0 0 1 1 0 0 0 0 0 0 0 1 1 1 0 1 0 1 0 0 1 1 1 1 1 0 0 1 1 0 0 1 1 0 1 0 0 1 0 1 0 0 0 1 1 0 0 1 0 1 0 0 0 1 0 1 1 0 0 0 0 0 0 0 0 0  1590
1 1 1 0 0 0 0 0 1 1 1 0 1 1 0 1 1 1 1 1 0 0 1 1 1 1 0 1 0 1 1 1 0 0 0 1 1 0 0 1 1 1 1 1 1 0 0 1 1 1 1 0 0 0 1 0 1 0 0 0 0 1 1 0 1 0 1 1 1 0 0 1 1 0 0  2427
0 0 0 1 1 0 0 0 1 0 0 1 0 0 0 0 1 1 0 0 1 0 0 0 0 1 1 1 1 1 0 1 0 1 0 0 0 0 0 0 1 1 1 0 1 1 0 0 1 1 0 0 0 0 0 1 0 0 1 0 0 1 1 0 0 1 1 1 0 0 0 0 0 0 1  1568
1 0 1 0 1 0 1 1 0 1 0 1 1 0 0 1 1 1 0 0 1 1 0 0 0 0 0 0 0 0 1 1 0 1 1 1 1 1 0 1 1 0 0 1 0 1 1 1 0 1 1 1 0 1 1 0 0 0 0 1 0 0 1 1 1 1 1 1 1 0 0 1 1 0 0  2260
0 1 1 0 1 1 1 0 0 1 0 1 1 1 0 1 0 1 0 1 1 0 0 0 0 1 0 0 0 0 1 1 0 1 0 0 1 0 0 0 1 0 1 0 0 1 0 0 0 0 1 0 1 0 1 0 0 1 0 0 0 1 0 0 1 1 1 0 1 0 0 0 0 1 0  1621
0 0 1 0 1 0 1 0 0 1 0 1 1 1 0 0 1 0 0 1 0 1 1 0 1 1 0 0 0 0 0 0 0 1 1 1 0 0 0 0 1 1 0 1 1 0 0 1 0 0 1 0 0 1 1 0 1 1 0 1 1 0 1 0 1 0 1 1 0 1 1 0 0 1 0  2111
0 1 1 0 1 1 0 1 0 0 1 1 1 0 1 0 0 0 0 0 1 0 1 0 1 1 0 0 0 0 0 0 0 1 1 0 1 1 0 0 0 0 0 1 1 1 0 1 1 1 1 0 0 0 0 1 1 1 1 1 1 0 0 1 0 1 1 0 1 1 0 0 0 1 1  1842
1 1 1 0 1 0 0 1 0 1 1 0 0 0 0 1 0 1 0 0 1 0 0 1 1 0 1 0 0 0 0 0 1 0 0 0 0 1 0 0 0 1 1 1 1 0 1 0 1 0 0 1 0 0 1 1 1 1 1 0 0 1 1 1 1 0 1 1 1 0 0 0 0 0 1  1817
0 0 1 1 0 0 1 0 1 1 1 0 1 0 1 1 1 1 1 1 0 1 1 1 1 0 0 1 1 1 1 0 1 1 0 0 0 1 1 0 0 1 0 0 1 1 1 0 1 1 1 1 1 0 0 0 0 0 1 0 1 1 0 0 1 1 1 0 0 1 0 0 1 0 0  2390
0 0 0 1 0 1 0 0 1 1 1 1 1 1 1 0 1 1 0 0 0 0 1 1 1 1 1 0 1 1 0 0 0 1 1 0 1 0 1 1 1 0 1 1 1 1 1 0 0 1 1 0 1 0 1 0 0 1 1 0 0 0 0 0 0 0 1 1 0 0 0 1 0 1 0  2105
1 0 0 1 0 0 0 0 0 1 1 1 1 1 1 1 1 0 1 0 0 1 0 1 1 0 1 1 0 0 0 0 0 1 1 1 1 0 1 1 1 1 1 0 0 0 1 0 1 1 0 0 0 0 1 1 0 1 0 1 1 1 0 0 1 0 0 1 0 0 0 1 1 0 1  2120
0 1 0 1 0 1 0 1 0 1 0 1 1 0 1 0 0 0 1 1 0 0 0 1 0 0 1 1 0 1 0 0 1 0 0 1 1 1 1 0 1 1 0 0 1 1 1 1 0 0 1 1 0 0 0 0 0 1 0 0 1 1 0 0 0 1 0 1 1 1 1 1 0 0 0  1939
0 1 1 1 0 0 1 1 1 1 1 0 1 1 0 1 1 0 0 1 0 1 1 0 0 1 1 1 0 1 0 0 0 0 1 1 1 1 0 0 1 0 0 1 0 0 1 1 1 1 1 1 0 0 1 1 1 0 1 1 1 0 0 1 0 1 1 1 0 1 0 1 0 1 1  2603
1 0 0 1 0 0 1 1 0 0 0 1 1 0 0 0 0 1 1 0 0 1 0 0 0 1 0 0 1 1 1 1 1 1 1 0 1 0 0 1 1 0 0 0 0 0 1 0 0 0 0 1 1 0 1 0 1 0 1 1 0 0 1 1 0 0 1 0 1 1 0 1 1 0 1  1979
0 0 1 1 0 0 1 0 1 1 1 1 1 0 1 0 1 0 0 0 0 1 0 0 1 0 1 0 0 1 0 0 1 0 1 1 1 1 1 0 1 1 0 0 0 1 1 1 1 1 0 0 1 0 1 0 0 1 0 1 0 1 1 0 1 1 0 0 1 1 0 0 0 1 1  2075
0 0 0 0 0 1 1 1 0 0 1 1 1 1 1 0 0 0 0 1 0 0 1 0 0 0 1 0 0 1 0 0 0 1 0 1 0 1 0 0 0 0 1 0 1 0 0 1 0 0 1 1 1 1 1 0 1 0 0 0 1 1 1 0 1 1 1 1 1 0 1 1 0 0 1  1925
0 1 1 0 1 0 1 0 0 0 0 0 0 1 1 0 1 0 1 0 0 0 1 1 0 1 1 1 1 1 1 0 0 0 1 1 1 1 0 0 0 1 0 0 1 0 0 0 1 0 0 0 0 1 1 1 0 1 0 1 0 1 0 0 0 1 1 0 1 0 1 1 1 0 0  2070
0 0 1 1 1 1 1 0 0 1 0 0 0 1 0 1 1 0 0 0 0 0 0 0 1 0 0 1 0 0 1 0 0 1 1 1 1 1 1 0 0 1 1 1 0 1 0 1 0 1 1 0 1 1 1 1 0 1 1 0 1 0 1 0 1 0 0 0 0 1 0 0 0 0 0  2082
1 1 1 1 0 0 1 0 1 1 1 1 0 0 0 1 1 1 1 1 0 0 1 0 0 1 1 0 0 1 0 1 1 0 0 0 1 0 0 1 0 0 0 1 1 1 1 0 0 1 0 1 0 1 0 0 0 1 1 1 1 0 1 0 0 1 0 1 0 1 0 1 1 1 0  2392
0 1 0 1 1 0 1 1 1 1 1 1 0 1 1 1 1 0 0 0 1 1 0 0 0 1 1 1 0 1 1 0 1 0 0 1 1 0 0 0 1 0 0 0 0 1 1 1 1 1 1 1 0 0 1 0 0 1 1 1 1 1 1 0 1 1 1 1 0 1 1 1 0 1 1  2621
0 1 0 0 1 0 0 1 1 0 0 1 0 1 1 1 1 0 0 1 0 1 1 0 0 0 0 1 0 1 1 1 1 1 1 1 0 0 0 0 1 0 0 1 0 1 1 0 1 1 1 1 1 0 1 0 0 1 0 0 1 1 0 0 1 1 0 0 0 1 1 0 1 1 1  2118
1 0 1 1 1 1 1 1 1 1 1 0 0 1 0 0 0 0 1 0 1 0 1 0 0 1 0 0 1 1 1 0 1 1 1 0 0 1 0 1 1 0 0 0 0 1 1 0 0 1 0 1 1 0 1 0 1 1 1 0 1 1 1 0 1 1 0 0 0 1 1 1 1 0 1  2513
0 0 0 0 1 1 1 1 1 1 1 0 1 0 0 0 0 0 1 1 0 1 1 0 0 0 0 0 0 1 1 0 0 1 0 0 0 1 0 1 1 1 1 0 0 0 0 0 1 0 0 1 0 0 0 1 1 0 1 1 0 1 0 0 1 0 0 1 0 1 1 1 1 1 1  1797
1 0 1 1 1 0 0 0 0 1 1 0 0 0 1 0 1 0 1 0 1 1 0 0 0 0 0 1 1 0 0 1 0 0 1 0 1 0 1 0 0 1 0 1 1 0 1 0 0 0 0 1 1 1 1 1 0 1 0 1 1 1 1 0 0 0 1 1 1 1 0 0 1 1 1  2004
1 0 0 1 1 0 1 1 0 1 0 1 0 0 0 0 0 1 0 0 1 0 1 1 0 1 0 1 1 1 1 1 0 0 1 0 1 0 0 1 1 0 0 0 1 0 1 1 0 0 1 0 0 0 1 1 1 0 0 0 1 1 0 1 1 1 1 0 0 0 1 0 0 0 1  2007
0 0 0 1 1 0 1 0 0 1 0 0 1 0 0 0 0 0 0 1 1 0 1 1 0 0 0 1 0 1 1 0 1 0 0 1 1 1 0 1 0 1 0 1 0 1 1 1 0 1 0 0 0 0 1 0 1 1 1 0 0 0 0 1 1 0 1 0 0 1 1 1 1 1 0  1927
1 0 0 0 0 1 0 1 0 1 1 0 1 1 1 1 0 1 1 1 1 0 0 0 1 0 1 0 1 0 1 1 0 0 1 1 0 0 0 1 1 1 0 0 1 0 1 1 0 0 1 0 1 0 1 0 1 1 1 0 1 1 0 1 0 1 0 0 0 1 1 1 0 0 1  1988
1 1 0 1 1 0 0 0 1 0 0 1 1 1 0 1 0 0 0 0 0 0 0 0 0 0 0 0 1 1 0 0 0 0 1 1 1 0 1 1 1 1 1 0 0 0 0 0 1 0 0 1 0 0 1 1 0 1 0 1 1 1 0 0 1 0 1 1 0 0 1 1 1 1 0  1984
0 1 1 0 0 0 1 0 1 0 1 0 1 0 1 0 0 0 1 1 1 0 0 0 1 0 1 1 0 1 1 1 1 0 0 0 0 0 1 1 0 0 0 1 0 0 0 0 1 1 1 0 0 1 0 0 1 1 1 0 0 1 0 0 1 0 0 0 0 0 0 0 0 0 0  1494
0 0 0 1 1 0 0 1 1 1 1 0 1 1 0 1 0 1 1 0 0 0 1 0 0 1 1 1 1 1 1 0 1 1 0 1 1 0 1 0 0 1 0 1 1 0 0 1 1 1 0 0 0 0 1 1 0 1 0 0 0 1 0 1 0 1 1 0 1 1 1 0 1 0 0  2421
0 0 1 1 0 0 1 1 1 0 0 0 0 0 0 1 0 0 1 1 0 1 1 0 1 0 0 0 0 0 0 0 1 0 0 1 1 1 1 0 0 1 0 1 0 0 0 0 0 0 1 0 1 0 1 1 0 0 1 0 1 1 0 1 0 0 0 0 1 0 0 1 0 0 1  1464
1 0 0 1 1 0 0 1 0 1 0 1 0 0 0 1 1 0 0 1 1 0 1 1 0 1 1 0 0 0 0 0 0 0 0 0 1 0 1 1 1 0 0 1 1 1 1 0 0 0 1 1 0 1 0 1 0 0 1 0 1 1 1 1 0 1 0 0 1 0 0 1 1 0 1  1827
1 1 0 0 0 0 0 0 1 1 0 1 0 1 1 1 0 1 1 1 0 0 1 0 1 1 0 1 1 0 1 1 1 1 0 1 0 1 1 0 1 0 1 0 1 1 0 1 0 1 1 1 0 0 0 0 0 1 1 1 1 1 1 0 1 1 0 0 0 1 0 0 0 1 0  2366
0 0 0 0 0 1 1 1 0 1 0 1 1 1 1 0 1 0 1 1 1 1 1 1 0 1 0 1 1 0 1 0 0 0 1 0 1 1 1 1 1 0 1 1 0 0 0 1 1 0 0 0 1 1 1 1 0 1 1 1 1 1 0 0 0 1 0 1 0 1 0 0 0 1 1  2237
0 1 1 1 1 1 1 0 1 0 0 0 1 0 1 0 0 0 1 0 0 1 0 1 0 0 0 0 1 0 1 0 0 1 0 1 0 0 0 1 0 1 0 0 1 1 1 1 0 1 1 0 0 0 1 1 0 1 0 1 0 1 0 1 0 1 1 1 0 1 1 0 0 1 1  2116
1 1 0 1 1 1 1 1 0 1 1 0 0 0 0 1 0 1 0 0 0 0 1 1 0 1 1 0 0 0 0 1 0 0 1 1 1 1 1 1 1 1 1 1 0 0 0 1 1 1 0 1 1 1 0 0 1 1 1 1 1 1 1 0 0 1 1 1 1 1 1 0 1 1 1  2778
0 0 1 1 0 1 0 1 0 1 0 0 1 1 1 1 1 1 0 1 0 1 1 1 0 1 0 1 0 0 0 1 0 1 1 0 0 0 1 0 1 1 0 0 1 1 1 1 0 0 0 0 1 1 1 1 0 0 1 1 1 1 1 0 1 0 0 0 1 0 0 1 1 1 0  2225
1 0 1 0 0 1 1 0 1 0 1 1 0 0 0 0 1 1 0 1 1 1 0 1 1 0 0 1 1 1 1 1 1 0 1 1 1 0 0 0 1 1 1 1 0 0 1 0 1 0 1 1 0 1 0 1 1 1 0 0 1 1 0 0 1 0 1 0 0 0 1 1 0 0 1  2317
0 0 1 1 0 1 0 1 0 1 1 1 0 1 0 0 1 1 0 0 1 0 1 0 1 0 0 1 0 0 0 1 0 1 1 1 1 1 1 0 0 1 1 0 0 0 1 1 1 0 1 1 1 0 1 1 1 0 0 0 0 0 1 0 0 1 0 0 0 1 0 0 0 1 1  2168
0 0 1 0 1 1 1 1 1 0 0 1 0 1 0 0 1 0 1 1 1 1 1 1 0 0 0 1 0 1 0 0 1 0 1 1 0 1 0 1 1 0 0 1 1 1 1 1 0 1 0 0 1 1 1 0 1 0 1 0 1 0 0 0 1 1 0 0 1 0 0 1 1 0 1  2096
1 0 1 0 1 1 0 0 1 1 0 0 0 1 0 1 1 1 0 0 1 0 1 0 1 1 0 0 0 1 1 0 1 0 0 1 1 1 0 1 0 0 1 1 1 1 1 0 0 0 0 1 0 1 0 0 1 0 1 0 0 1 1 1 1 0 0 0 1 0 0 1 0 1 0  2000
1 0 0 0 0 1 0 1 1 1 1 1 1 0 0 0 0 1 1 0 1 1 1 0 0 0 1 0 1 1 1 0 0 1 1 0 0 0 1 1 1 0 0 1 1 1 1 0 1 1 0 1 1 1 0 1 0 0 0 1 0 0 1 0 0 0 1 0 1 1 1 1 1 1 0  2166
0 1 1 1 1 0 0 1 0 1 1 0 0 1 1 1 0 0 0 1 0 1 1 1 1 0 0 0 1 0 0 1 0 0 0 1 0 0 0 1 0 1 0 0 0 0 1 1 0 0 0 1 0 1 0 0 0 1 0 0 1 0 1 0 0 0 0 0 1 0 1 0 1 1 0  1701
1 1 1 1 0 0 1 1 0 0 0 0 1 1 0 1 1 0 0 0 1 0 0 0 0 0 0 1 0 1 1 0 0 0 0 1 0 1 1 1 0 0 1 1 1 1 1 1 1 1 1 0 0 1 1 0 1 0 0 1 0 0 1 1 1 1 0 0 0 0 1 1 1 1 1  2260
0 0 0 0 0 1 1 1 1 0 0 1 1 0 1 1 1 0 0 1 0 0 0 0 1 1 1 1 1 0 1 1 1 0 0 1 0 0 1 1 1 0 0 1 1 1 1 0 0 0 0 1 0 1 0 0 0 1 1 0 0 0 1 1 1 0 0 0 0 0 1 0 0 0 0  1763
1 1 0 0 1 1 1 1 1 1 1 0 1 1 0 1 1 0 1 1 1 0 0 1 1 1 1 1 1 0 0 0 0 1 0 1 1 1 1 1 0 0 1 1 0 0 0 0 0 0 0 1 0 0 0 0 0 1 0 1 0 1 1 1 1 1 0 0 1 1 1 1 1 0 1  2523
0 1 1 1 1 0 0 0 0 1 0 1 0 0 1 1 0 1 1 1 1 0 1 1 0 1 1 1 1 1 1 1 1 1 1 0 1 0 1 0 1 1 0 1 1 0 1 0 1 1 0 0 1 0 1 0 1 0 0 1 1 0 0 1 0 1 1 0 1 0 1 0 0 1 1  2405
0 1 1 1 0 1 1 1 0 1 1 0 0 0 1 1 0 0 1 1 0 0 1 1 1 0 0 1 1 1 1 1 1 0 1 1 1 1 1 0 0 0 0 0 0 0 0 0 0 1 0 0 1 1 0 0 1 1 0 1 1 1 1 1 1 1 0 1 1 1 0 0 1 1 0  2516
0 1 0 1 0 1 0 0 0 1 0 0 0 0 0 0 0 0 0 0 1 0 0 1 1 1 1 1 0 1 1 0 1 0 1 1 1 0 0 0 1 1 0 0 1 1 0 0 0 1 1 1 1 0 1 1 1 1 0 0 0 0 1 0 1 1 1 1 1 0 1 0 0 0 0  1990
1 1 0 0 0 1 0 1 0 0 1 0 1 0 0 0 0 0 0 1 0 0 0 1 0 0 1 1 1 1 1 1 1 0 1 1 0 1 1 1 0 1 1 0 1 0 0 0 0 1 0 0 1 1 1 1 0 1 1 1 1 1 1 1 1 0 0 0 0 0 1 0 1 0 1  2187
1 1 0 1 1 0 0 0 1 0 1 1 0 0 0 0 0 1 0 1 1 1 0 1 1 0 1 0 1 0 0 0 0 1 1 0 0 1 1 0 1 0 0 0 0 1 0 0 1 0 0 1 1 0 0 1 1 0 0 0 1 0 1 0 1 1 1 1 0 0 1 1 1 1 1  1832
0 0 1 0 0 1 0 1 1 1 1 1 1 0 0 0 0 0 1 0 1 1 1 0 0 0 1 0 0 0 0 0 0 1 1 0 1 0 0 1 1 0 0 0 0 1 1 1 0 1 0 1 0 1 1 1 0 1 0 0 1 1 0 1 1 0 1 0 1 0 1 1 0 1 0  1936
1 0 0 0 0 1 1 0 1 1 0 1 1 1 1 0 1 0 1 1 0 1 0 0 0 0 0 1 0 1 1 0 0 1 0 0 1 1 1 0 1 0 1 1 0 1 1 0 1 1 1 1 1 0 1 1 0 0 0 0 0 0 1 0 0 0 0 1 0 0 0 0 1 0 1  1831
0 1 1 0 1 0 1 1 1 0 1 0 0 0 0 1 1 0 1 1 1 0 1 1 1 0 1 1 0 0 1 1 1 0 0 1 0 1 1 0 0 1 0 0 1 0 1 0 0 0 0 1 0 0 0 0 1 1 0 1 1 0 0 1 1 1 0 1 1 0 0 1 1 0 1  2021
0 1 1 1 0 1 0 0 0 1 1 0 1 0 0 1 1 0 0 1 0 0 0 1 1 0 0 1 1 0 1 0 1 0 1 0 0 0 0 0 0 1 1 1 1 0 1 1 0 1 0 0 1 0 1 1 0 0 0 0 1 1 1 0 0 0 0 0 0 0 0 1 0 0 0  1831
0 0 0 1 1 0 1 1 0 1 0 0 0 0 0 0 1 0 0 0 0 0 1 0 0 1 1 0 0 1 1 0 1 1 1 0 1 0 1 0 1 1 1 0 0 0 0 0 0 1 1 0 0 0 0 1 0 1 0 1 0 0 1 1 0 0 1 0 1 1 1 0 1 0 0  1930
1 1 0 1 0 1 0 0 1 0 1 0 1 0 1 0 1 0 0 0 1 0 0 1 1 1 0 0 0 1 1 1 0 1 0 0 0 1 0 1 1 0 1 1 0 1 1 0 1 1 1 1 0 1 0 0 1 1 0 1 0 1 1 0 0 0 1 1 1 1 1 0 1 1 1  2286
1 0 0 0 0 0 0 0 0 1 1 0 0 1 0 0 0 1 1 1 1 1 0 0 0 1 0 0 1 0 0 0 0 0 1 1 0 0 1 1 0 0 1 1 0 1 1 1 0 1 0 1 0 1 0 0 0 1 0 1 1 0 1 1 0 0 0 0 0 1 0 0 0 0 1  1747
1 1 0 0 1 1 1 0 0 1 0 1 0 1 1 1 1 1 0 0 1 1 0 1 0 0 0 1 0 0 0 1 1 1 0 1 1 0 1 0 1 1 0 1 0 1 0 0 1 0 0 1 1 1 0 0 1 0 0 1 0 1 0 0 1 0 0 0 0 0 0 0 1 1 0  2055
0 0 0 0 0 1 0 0 0 0 0 0 1 0 1 1 1 1 0 0 1 0 1 0 0 1 1 1 0 1 0 1 1 0 1 0 0 0 1 0 0 0 0 0 0 1 0 0 1 0 1 0 0 1 1 0 0 1 0 0 1 1 0 1 0 1 0 0 0 0 0 0 0 0 1  1462
0 1 1 0 1 1 1 1 0 1 1 1 0 0 1 1 0 1 0 0 1 1 1 0 1 0 1 0 0 0 0 1 1 0 1 1 0 1 0 1 1 0 1 0 1 0 0 1 1 1 0 1 1 1 0 0 1 0 0 0 1 0 0 0 1 1 0 1 1 0 0 1 1 1 1  2039
0 1 0 0 1 0 1 0 1 1 0 0 1 1 0 1 1 1 1 1 1 1 1 1 1 0 1 1 0 0 0 0 1 1 1 0 0 1 1 0 0 1 0 0 1 1 0 0 1 1 1 0 1 1 1 0 0 1 1 0 1 0 1 0 0 0 1 0 0 1 0 1 1 1 0  2330
0 0 0 0 1 0 0 0 1 1 0 1 0 1 0 1 0 0 1 1 0 0 0 0 1 1 1 0 0 1 0 0 1 0 1 1 1 1 0 1 0 1 0 1 1 1 1 0 0 1 1 1 0 1 1 1 1 1 0 1 0 0 0 1 1 1 1 0 0 1 1 0 0 1 0  2285
0 0 0 1 1 1 1 0 0 1 0 1 1 1 0 1 0 0 1 0 1 1 1 1 1 1 0 1 0 1 0 0 0 1 0 0 1 1 1 0 0 0 0 0 0 0 0 0 1 0 1 1 0 0 1 1 0 0 0 0 1 0 1 1 1 1 0 1 1 1 1 1 0 1 1  2106
1 0 0 0 0 0 1 1 1 1 1 0 0 0 0 0 1 1 1 1 1 0 1 1 1 1 1 0 0 0 1 0 1 0 0 1 1 0 1 1 0 0 1 1 0 1 0 0 0 1 0 0 1 1 1 1 1 1 1 1 1 0 0 1 0 0 0 0 1 1 0 1 0 1 1  2170
0 1 1 1 0 0 1 0 0 1 0 1 1 0 1 0 1 0 1 1 1 1 0 1 1 1 0 1 0 1 1 0 0 1 1 0 0 1 1 0 1 1 0 0 0 0 0 1 0 1 1 0 1 0 0 1 0 0 1 1 1 0 0 0 1 0 1 0 1 0 0 0 1 1 1  2044
0 0 0 1 1 0 0 0 0 1 1 1 1 0 1 0 1 1 1 0 0 0 0 1 0 0 1 0 0 0 1 0 0 1 1 0 1 0 1 0 0 0 0 1 0 0 1 0 0 0 1 0 1 0 1 0 0 1 1 1 1 0 1 1 1 0 1 1 1 1 0 0 1 1 1  1933
0 1 1 0 1 0 1 0 1 0 1 1 0 1 1 0 0 1 1 1 0 0 0 1 0 1 0 0 1 0 0 1 0 1 1 0 0 1 1 1 1 0 0 1 0 0 1 1 1 1 1 0 0 0 0 1 0 0 1 1 1 1 1 0 1 0 1 0 1 1 0 0 0 0 1  2169
1 0 0 1 0 1 0 1 0 1 0 1 1 0 0 1 0 0 1 0 1 0 1 0 0 0 1 0 1 0 1 1 0 0 0 0 0 1 1 0 1 1 1 1 0 1 0 1 1 0 0 0 1 0 0 0 1 0 1 0 1 1 1 1 1 1 1 0 1 0 1 1 1 1 0  1966
0 0 0 1 1 1 0 0 1 0 0 1 0 0 1 1 1 0 1 1 1 0 1 0 0 1 0 0 0 0 0 1 1 0 0 0 1 1 1 0 1 0 0 1 0 0 1 1 1 1 0 1 0 1 1 1 1 0 0 1 1 0 1 1 1 0 0 0 0 1 1 1 0 1 0  2086
1 0 0 1 0 1 0 0 0 1 1 1 1 1 0 1 0 1 1 0 1 0 1 1 1 1 0 0 0 1 1 1 1 1 0 1 0 0 0 1 0 0 1 1 0 1 1 1 0 1 0 1 0 1 1 0 0 1 0 0 0 0 1 1 1 1 1 1 0 0 1 1 1 0 1  2482
0 0 0 1 0 1 1 1 0 1 1 0 1 1 0 1 1 1 1 0 0 0 0 1 0 0 0 1 1 1 1 0 0 0 0 1 1 0 0 1 1 1 0 0 0 0 0 0 0 1 0 0 1 1 0 0 1 1 1 1 0 1 0 0 1 1 1 1 0 0 1 1 1 1 1  2357
1 1 0 1 1 0 1 0 0 1 0 0 0 0 0 1 0 0 1 0 1 0 1 0 1 1 1 0 1 0 1 1 0 1 0 1 0 1 1 0 0 0 0 1 1 1 0 1 0 1 1 1 1 1 0 0 1 1 0 0 1 0 0 0 0 1 1 0 1 1 0 1 0 1 1  2047
0 1 0 0 0 0 0 1 0 0 0 1 0 1 1 1 0 1 1 1 1 1 1 0 0 0 1 1 1 0 1 1 1 0 1 1 0 0 1 0 0 0 0 0 1 1 0 1 0 1 0 1 1 0 1 1 1 0 1 1 0 0 1 0 0 0 0 0 0 1 0 0 1 1 1  1998
0 1 1 0 0 1 0 0 1 0 1 1 0 1 1 1 1 1 1 1 1 0 1 1 1 0 1 0 1 1 0 0 1 0 1 1 1 0 0 1 0 0 0 0 0 1 0 0 1 1 1 0 0 0 0 1 1 1 1 1 1 0 1 1 1 1 0 1 1 1 0 1 1 0 1  2517
1 1 0 1 0 0 1 1 0 0 0 1 1 1 0 0 1 1 0 0 0 1 1 0 0 1 1 0 0 1 1 0 1 0 1 1 0 0 1 0 1 1 1 0 0 0 1 0 1 1 1 1 0 0 0 1 1 0 0 1 0 1 0 1 1 0 0 0 0 1 1 0 0 0 0  2356
1 0 1 1 0 1 0 1 0 1 0 1 1 0 1 1 1 0 1 1 1 0 0 1 0 0 0 1 1 1 0 1 0 1 1 0 0 0 0 0 1 0 1 1 0 1 1 1 1 1 0 1 0 1 1 1 1 1 0 1 1 0 0 1 1 0 1 1 1 0 0 0 0 1 0